5.885546875000000000e+01
1.214335937500000000e+02
5.995703125000000000e+01
1.468085937500000000e+02
5.995703125000000000e+01
1.642539062500000000e+02
6.216015625000000000e+01
1.880429687500000000e+02
6.987109375000000000e+01
2.054882812500000000e+02
8.198828125000000000e+01
2.181757812500000000e+02
9.520703125000000000e+01
2.276914062500000000e+02
1.106289062500000000e+02
2.340351562500000000e+02
1.260507812500000000e+02
2.340351562500000000e+02
1.425742187500000000e+02
2.340351562500000000e+02
1.579960937500000000e+02
2.324492187500000000e+02
1.723164062500000000e+02
2.229335937500000000e+02
1.833320312500000000e+02
2.102460937500000000e+02
1.888398437500000000e+02
1.912148437500000000e+02
1.910429687500000000e+02
1.674257812500000000e+02
1.921445312500000000e+02
1.452226562500000000e+02
1.921445312500000000e+02
1.246054687500000000e+02
6.766796875000000000e+01
1.103320312500000000e+02
7.868359375000000000e+01
1.016093750000000000e+02
9.135156250000000000e+01
1.000234375000000000e+02
1.051210937500000000e+02
1.000234375000000000e+02
1.161367187500000000e+02
1.031953125000000000e+02
1.480820312500000000e+02
1.031953125000000000e+02
1.579960937500000000e+02
1.008164062500000000e+02
1.668085937500000000e+02
1.000234375000000000e+02
1.756210937500000000e+02
1.000234375000000000e+02
1.844335937500000000e+02
1.071601562500000000e+02
1.315585937500000000e+02
1.198476562500000000e+02
1.315585937500000000e+02
1.341210937500000000e+02
1.304570312500000000e+02
1.468085937500000000e+02
1.304570312500000000e+02
1.594960937500000000e+02
1.128320312500000000e+02
1.658398437500000000e+02
1.205429687500000000e+02
1.674257812500000000e+02
1.293554687500000000e+02
1.721835937500000000e+02
1.381679687500000000e+02
1.690117187500000000e+02
1.469804687500000000e+02
1.674257812500000000e+02
8.198828125000000000e+01
1.198476562500000000e+02
8.859765625000000000e+01
1.150898437500000000e+02
1.062226562500000000e+02
1.150898437500000000e+02
1.117304687500000000e+02
1.214335937500000000e+02
1.040195312500000000e+02
1.246054687500000000e+02
8.859765625000000000e+01
1.230195312500000000e+02
1.491835937500000000e+02
1.230195312500000000e+02
1.568945312500000000e+02
1.166757812500000000e+02
1.723164062500000000e+02
1.166757812500000000e+02
1.778242187500000000e+02
1.230195312500000000e+02
1.712148437500000000e+02
1.261914062500000000e+02
1.568945312500000000e+02
1.246054687500000000e+02
9.630859375000000000e+01
1.864570312500000000e+02
1.106289062500000000e+02
1.832851562500000000e+02
1.238476562500000000e+02
1.816992187500000000e+02
1.282539062500000000e+02
1.832851562500000000e+02
1.326601562500000000e+02
1.832851562500000000e+02
1.469804687500000000e+02
1.864570312500000000e+02
1.601992187500000000e+02
1.896289062500000000e+02
1.491835937500000000e+02
1.975585937500000000e+02
1.392695312500000000e+02
2.023164062500000000e+02
1.271523437500000000e+02
2.039023437500000000e+02
1.161367187500000000e+02
2.007304687500000000e+02
1.062226562500000000e+02
1.943867187500000000e+02
9.741015625000000000e+01
1.864570312500000000e+02
1.139335937500000000e+02
1.896289062500000000e+02
1.282539062500000000e+02
1.912148437500000000e+02
1.436757812500000000e+02
1.912148437500000000e+02
1.590976562500000000e+02
1.896289062500000000e+02
1.425742187500000000e+02
1.912148437500000000e+02
1.282539062500000000e+02
1.912148437500000000e+02
1.128320312500000000e+02
1.896289062500000000e+02
